{
    "camera_angle_x": 0.691111147403717,
    "camera_angle_y": 0.4710899591445923,
    "fl_x": 1458.3333333333333,
    "fl_y": 1458.3333333333333,
    "k1": 0.0,
    "k2": 0.0,
    "p1": 0.0,
    "p2": 0.0,
    "cx": 525.0,
    "cy": 225.0,
    "w": 1050.0,
    "h": 450.0,
    "aabb_scale": 4,
    "frames": [
        {
            "file_path": "/images/0001.png",
            "transform_matrix": [
                [
                    0.9850302934646606,
                    0.0802711769938469,
                    -0.152551531791687,
                    -0.8339429497718811
                ],
                [
                    -0.17238165438175201,
                    0.4586888551712036,
                    -0.8717162013053894,
                    -7.143631935119629
                ],
                [
                    0.0,
                    0.884963870048523,
                    0.4656597077846527,
                    4.935035705566406
                ],
                [
                    0.0,
                    0.0,
                    0.0,
                    1.0
                ]
            ]
        },
        {
            "file_path": "/images/0002.png",
            "transform_matrix": [
                [
                    0.9877274036407471,
                    0.07307495921850204,
                    -0.13803881406784058,
                    -0.7117119431495667
                ],
                [
                    -0.15618792176246643,
                    0.46212369203567505,
                    -0.8729530572891235,
                    -7.165834426879883
                ],
                [
                    0.0,
                    0.8837995529174805,
                    0.4678657054901123,
                    4.960127353668213
                ],
                [
                    0.0,
                    0.0,
                    0.0,
                    1.0
                ]
            ]
        },
        {
            "file_path": "/images/0003.png",
            "transform_matrix": [
                [
                    0.9901565909385681,
                    0.06577809154987335,
                    -0.12354450672864914,
                    -0.5894809365272522
                ],
                [
                    -0.139964297413826,
                    0.4653373062610626,
                    -0.8739972114562988,
                    -7.18803596496582
                ],
                [
                    0.0,
                    0.8826858997344971,
                    0.4699633717536926,
                    4.9852190017700195
                ],
                [
                    0.0,
                    0.0,
                    0.0,
                    1.0
                ]
            ]
        },
        {
            "file_path": "/images/0004.png",
            "transform_matrix": [
                [
                    0.992316722869873,
                    0.05839184671640396,
                    -0.10907801240682602,
                    -0.46724992990493774
                ],
                [
                    -0.12372398376464844,
                    0.4683264195919037,
                    -0.8748500943183899,
                    -7.2102370262146
                ],
                [
                    3.725290742551124e-09,
                    0.8816239833831787,
                    0.47195249795913696,
                    5.010311126708984
                ],
                [
                    0.0,
                    0.0,
                    0.0,
                    1.0
                ]
            ]
        },
        {
            "file_path": "/images/0005.png",
            "transform_matrix": [
                [
                    0.9942072629928589,
                    0.05092760920524597,
                    -0.09464854747056961,
                    -0.3450189530849457
                ],
                [
                    -0.10748008638620377,
                    0.4710882008075714,
                    -0.8755135536193848,
                    -7.232439994812012
                ],
                [
                    0.0,
                    0.8806147575378418,
                    0.47383296489715576,
                    5.035403251647949
                ],
                [
                    0.0,
                    0.0,
                    0.0,
                    1.0
                ]
            ]
        },
        {
            "file_path": "/images/0006.png",
            "transform_matrix": [
                [
                    0.9958284497261047,
                    0.043396949768066406,
                    -0.08026516437530518,
                    -0.22278787195682526
                ],
                [
                    -0.09124577790498734,
                    0.4736209511756897,
                    -0.8759893774986267,
                    -7.254641532897949
                ],
                [
                    -3.725290298461914e-09,
                    0.8796589970588684,
                    0.47560498118400574,
                    5.060494899749756
                ],
                [
                    0.0,
                    0.0,
                    0.0,
                    1.0
                ]
            ]
        },
        {
            "file_path": "/images/0007.png",
            "transform_matrix": [
                [
                    0.9971855878829956,
                    0.035790130496025085,
                    -0.06587836146354675,
                    -0.09980787336826324
                ],
                [
                    -0.07497260719537735,
                    0.4760325849056244,
                    -0.8762260675430298,
                    -7.273132801055908
                ],
                [
                    0.0,
                    0.8786990642547607,
                    0.4773761034011841,
                    5.084747791290283
                ],
                [
                    0.0,
                    0.0,
                    0.0,
                    1.0
                ]
            ]
        },
        {
            "file_path": "/images/0008.png",
            "transform_matrix": [
                [
                    0.9982770085334778,
                    0.028112972155213356,
                    -0.051505595445632935,
                    0.023607924580574036
                ],
                [
                    -0.05867849290370941,
                    0.4782763123512268,
                    -0.8762469291687012,
                    -7.289464950561523
                ],
                [
                    1.862645149230957e-09,
                    0.8777593374252319,
                    0.47910186648368835,
                    5.108511447906494
                ],
                [
                    0.0,
                    0.0,
                    0.0,
                    1.0
                ]
            ]
        },
        {
            "file_path": "/images/0009.png",
            "transform_matrix": [
                [
                    0.999100387096405,
                    0.02038615196943283,
                    -0.03718606010079384,
                    0.14702369272708893
                ],
                [
                    -0.042407527565956116,
                    0.48028767108917236,
                    -0.8760852217674255,
                    -7.305797576904297
                ],
                [
                    0.0,
                    0.8768740892410278,
                    0.4807201623916626,
                    5.132275581359863
                ],
                [
                    0.0,
                    0.0,
                    0.0,
                    1.0
                ]
            ]
        },
        {
            "file_path": "/images/0010.png",
            "transform_matrix": [
                [
                    0.9996575117111206,
                    0.012621261179447174,
                    -0.022928358986973763,
                    0.2704393267631531
                ],
                [
                    -0.026172617450356483,
                    0.4820663332939148,
                    -0.8757437467575073,
                    -7.3221306800842285
                ],
                [
                    0.0,
                    0.8760438561439514,
                    0.4822314977645874,
                    5.156039714813232
                ],
                [
                    0.0,
                    0.0,
                    0.0,
                    1.0
                ]
            ]
        },
        {
            "file_path": "/images/0011.png",
            "transform_matrix": [
                [
                    0.9999501705169678,
                    0.004829791374504566,
                    -0.008740792982280254,
                    0.39385518431663513
                ],
                [
                    -0.009986408054828644,
                    0.48361241817474365,
                    -0.875225305557251,
                    -7.338463306427002
                ],
                [
                    0.0,
                    0.8752689361572266,
                    0.4836365580558777,
                    5.17980432510376
                ],
                [
                    0.0,
                    0.0,
                    0.0,
                    1.0
                ]
            ]
        },
        {
            "file_path": "/images/0012.png",
            "transform_matrix": [
                [
                    0.9999808073043823,
                    -0.003010882530361414,
                    0.0054285344667732716,
                    0.5177785754203796
                ],
                [
                    0.006207608617842197,
                    0.4850216805934906,
                    -0.874480128288269,
                    -7.351391315460205
                ],
                [
                    0.0,
                    0.8744970560073853,
                    0.48503097891807556,
                    5.202769756317139
                ],
                [
                    0.0,
                    0.0,
                    0.0,
                    1.0
                ]
            ]
        },
        {
            "file_path": "/images/0013.png",
            "transform_matrix": [
                [
                    0.9997488260269165,
                    -0.010901221074163914,
                    0.019581854343414307,
                    0.6421659588813782
                ],
                [
                    0.022411730140447617,
                    0.4862847626209259,
                    -0.8735129237174988,
                    -7.361204624176025
                ],
                [
                    9.313225746154785e-10,
                    0.8737323880195618,
                    0.48640695214271545,
                    5.22500467300415
                ],
                [
                    0.0,
                    0.0,
                    0.0,
                    1.0
                ]
            ]
        },
        {
            "file_path": "/images/0014.png",
            "transform_matrix": [
                [
                    0.9992564916610718,
                    -0.018803337588906288,
                    0.03366106003522873,
                    0.7665533423423767
                ],
                [
                    0.03855687752366066,
                    0.4873153269290924,
                    -0.8723743557929993,
                    -7.371018409729004
                ],
                [
                    0.0,
                    0.8730235695838928,
                    0.4876779019832611,
                    5.247239112854004
                ],
                [
                    0.0,
                    0.0,
                    0.0,
                    1.0
                ]
            ]
        },
        {
            "file_path": "/images/0015.png",
            "transform_matrix": [
                [
                    0.9985067248344421,
                    -0.026706013828516006,
                    0.047658346593379974,
                    0.8909410834312439
                ],
                [
                    0.05463084951043129,
                    0.4881149232387543,
                    -0.8710678815841675,
                    -7.380831241607666
                ],
                [
                    0.0,
                    0.872370719909668,
                    0.4888449013233185,
                    5.269474029541016
                ],
                [
                    0.0,
                    0.0,
                    0.0,
                    1.0
                ]
            ]
        },
        {
            "file_path": "/images/0016.png",
            "transform_matrix": [
                [
                    0.9975032210350037,
                    -0.03459814935922623,
                    0.0615660697221756,
                    1.0153285264968872
                ],
                [
                    0.07062161713838577,
                    0.4886855185031891,
                    -0.8695970773696899,
                    -7.3906450271606445
                ],
                [
                    3.725290742551124e-09,
                    0.8717736601829529,
                    0.48990875482559204,
                    5.291708946228027
                ],
                [
                    0.0,
                    0.0,
                    0.0,
                    1.0
                ]
            ]
        },
        {
            "file_path": "/images/0017.png",
            "transform_matrix": [
                [
                    0.9962409734725952,
                    -0.042533211410045624,
                    0.07546529173851013,
                    1.1401495933532715
                ],
                [
                    0.08662611991167068,
                    0.48915186524391174,
                    -0.8678861856460571,
                    -7.395718574523926
                ],
                [
                    0.0,
                    0.8711609840393066,
                    0.4909975528717041,
                    5.312789440155029
                ],
                [
                    0.0,
                    0.0,
                    0.0,
                    1.0
                ]
            ]
        },
        {
            "file_path": "/images/0018.png",
            "transform_matrix": [
                [
                    0.9947222471237183,
                    -0.050486546009778976,
                    0.08932401984930038,
                    1.2651971578598022
                ],
                [
                    0.1026044487953186,
                    0.48945340514183044,
                    -0.8659721612930298,
                    -7.398314476013184
                ],
                [
                    -3.725290298461914e-09,
                    0.870566725730896,
                    0.4920504093170166,
                    5.33326530456543
                ],
                [
                    0.0,
                    0.0,
                    0.0,
                    1.0
                ]
            ]
        },
        {
            "file_path": "/images/0019.png",
            "transform_matrix": [
                [
                    0.9929549098014832,
                    -0.05841728672385216,
                    0.10309237986803055,
                    1.390244960784912
                ],
                [
                    0.11849310994148254,
                    0.4895282983779907,
                    -0.8638989925384521,
                    -7.400909423828125
                ],
                [
                    -3.725290298461914e-09,
                    0.8700284361839294,
                    0.4930015504360199,
                    5.353740692138672
                ],
                [
                    0.0,
                    0.0,
                    0.0,
                    1.0
                ]
            ]
        },
        {
            "file_path": "/images/0020.png",
            "transform_matrix": [
                [
                    0.9909433126449585,
                    -0.06631483882665634,
                    0.11676326394081116,
                    1.5152931213378906
                ],
                [
                    0.134280726313591,
                    0.48937955498695374,
                    -0.861670732498169,
                    -7.403504848480225
                ],
                [
                    3.7252898543727042e-09,
                    0.8695458769798279,
                    0.4938522279262543,
                    5.374216556549072
                ],
                [
                    0.0,
                    0.0,
                    0.0,
                    1.0
                ]
            ]
        },
        {
            "file_path": "/images/0021.png",
            "transform_matrix": [
                [
                    0.9886921048164368,
                    -0.07417129725217819,
                    0.1303325742483139,
                    1.640345573425293
                ],
                [
                    0.14995986223220825,
                    0.4890146553516388,
                    -0.8592885136604309,
                    -7.405938148498535
                ],
                [
                    7.450580596923828e-09,
                    0.8691163659095764,
                    0.49460768699645996,
                    5.394651889801025
                ],
                [
                    0.0,
                    0.0,
                    0.0,
                    1.0
                ]
            ]
        },
        {
            "file_path": "/images/0022.png",
            "transform_matrix": [
                [
                    0.9861750602722168,
                    -0.08210194855928421,
                    0.14393767714500427,
                    1.7656190395355225
                ],
                [
                    0.16570691764354706,
                    0.4886150062084198,
                    -0.8566192984580994,
                    -7.40058708190918
                ],
                [
                    7.4505797087454084e-09,
                    0.8686281442642212,
                    0.4954647421836853,
                    5.413112163543701
                ],
                [
                    0.0,
                    0.0,
                    0.0,
                    1.0
                ]
            ]
        },
        {
            "file_path": "/images/0023.png",
            "transform_matrix": [
                [
                    0.9834186434745789,
                    -0.08998994529247284,
                    0.15744715929031372,
                    1.8908929824829102
                ],
                [
                    0.18134993314743042,
                    0.48799461126327515,
                    -0.8537994623184204,
                    -7.395236015319824
                ],
                [
                    0.0,
                    0.8681952953338623,
                    0.4962226152420044,
                    5.431571960449219
                ],
                [
                    0.0,
                    0.0,
                    0.0,
                    1.0
                ]
            ]
        },
        {
            "file_path": "/images/0024.png",
            "transform_matrix": [
                [
                    0.9804279804229736,
                    -0.09782519191503525,
                    0.17085421085357666,
                    2.016167163848877
                ],
                [
                    0.19687795639038086,
                    0.4871573746204376,
                    -0.8508329391479492,
                    -7.389885425567627
                ],
                [
                    7.450580596923828e-09,
                    0.8678179383277893,
                    0.4968823194503784,
                    5.450031757354736
                ],
                [
                    0.0,
                    0.0,
                    0.0,
                    1.0
                ]
            ]
        },
        {
            "file_path": "/images/0025.png",
            "transform_matrix": [
                [
                    0.9772088527679443,
                    -0.10559789836406708,
                    0.184152290225029,
                    2.1414403915405273
                ],
                [
                    0.21228043735027313,
                    0.4861079156398773,
                    -0.8477241396903992,
                    -7.384533882141113
                ],
                [
                    0.0,
                    0.8674954175949097,
                    0.4974452555179596,
                    5.468491554260254
                ],
                [
                    0.0,
                    0.0,
                    0.0,
                    1.0
                ]
            ]
        },
        {
            "file_path": "/images/0026.png",
            "transform_matrix": [
                [
                    0.973738968372345,
                    -0.1133875846862793,
                    0.1974225491285324,
                    2.2665038108825684
                ],
                [
                    0.22766733169555664,
                    0.484961599111557,
                    -0.8443813323974609,
                    -7.3740153312683105
                ],
                [
                    7.450580596923828e-09,
                    0.8671537041664124,
                    0.49804067611694336,
                    5.485584259033203
                ],
                [
                    0.0,
                    0.0,
                    0.0,
                    1.0
                ]
            ]
        },
        {
            "file_path": "/images/0027.png",
            "transform_matrix": [
                [
                    0.9700226783752441,
                    -0.12117350101470947,
                    0.2106490433216095,
                    2.391423225402832
                ],
                [
                    0.24301449954509735,
                    0.4836791455745697,
                    -0.8408319354057312,
                    -7.359987735748291
                ],
                [
                    0.0,
                    0.8668168187141418,
                    0.49862661957740784,
                    5.501748085021973
                ],
                [
                    0.0,
                    0.0,
                    0.0,
                    1.0
                ]
            ]
        },
        {
            "file_path": "/images/0028.png",
            "transform_matrix": [
                [
                    0.9660817384719849,
                    -0.12889020144939423,
                    0.22377099096775055,
                    2.5163426399230957
                ],
                [
                    0.2582365870475769,
                    0.48218753933906555,
                    -0.8371434211730957,
                    -7.345959186553955
                ],
                [
                    0.0,
                    0.8665347099304199,
                    0.49911677837371826,
                    5.517911434173584
                ],
                [
                    0.0,
                    0.0,
                    0.0,
                    1.0
                ]
            ]
        },
        {
            "file_path": "/images/0029.png",
            "transform_matrix": [
                [
                    0.9619221687316895,
                    -0.13652843236923218,
                    0.23678208887577057,
                    2.6412618160247803
                ],
                [
                    0.27332359552383423,
                    0.4804917871952057,
                    -0.8333197832107544,
                    -7.331931114196777
                ],
                [
                    -7.450580596923828e-09,
                    0.8663069605827332,
                    0.49951210618019104,
                    5.5340752601623535
                ],
                [
                    0.0,
                    0.0,
                    0.0,
                    1.0
                ]
            ]
        },
        {
            "file_path": "/images/0030.png",
            "transform_matrix": [
                [
                    0.957528829574585,
                    -0.14413872361183167,
                    0.24972501397132874,
                    2.7657837867736816
                ],
                [
                    0.2883375585079193,
                    0.4786645770072937,
                    -0.8293019533157349,
                    -7.314517021179199
                ],
                [
                    7.450580596923828e-09,
                    0.8660855889320374,
                    0.49989572167396545,
                    5.549301624298096
                ],
                [
                    0.0,
                    0.0,
                    0.0,
                    1.0
                ]
            ]
        },
        {
            "file_path": "/images/0031.png",
            "transform_matrix": [
                [
                    0.9528805017471313,
                    -0.15177284181118011,
                    0.2626475393772125,
                    2.8896050453186035
                ],
                [
                    0.3033459186553955,
                    0.47675400972366333,
                    -0.82503741979599,
                    -7.291125774383545
                ],
                [
                    0.0,
                    0.8658352494239807,
                    0.5003291964530945,
                    5.562873840332031
                ],
                [
                    0.0,
                    0.0,
                    0.0,
                    1.0
                ]
            ]
        },
        {
            "file_path": "/images/0032.png",
            "transform_matrix": [
                [
                    0.9480161070823669,
                    -0.1593240201473236,
                    0.2754656970500946,
                    3.013425827026367
                ],
                [
                    0.31822240352630615,
                    0.4746420681476593,
                    -0.8206396102905273,
                    -7.267734050750732
                ],
                [
                    0.0,
                    0.8656388521194458,
                    0.5006688237190247,
                    5.576446056365967
                ],
                [
                    0.0,
                    0.0,
                    0.0,
                    1.0
                ]
            ]
        },
        {
            "file_path": "/images/0033.png",
            "transform_matrix": [
                [
                    0.9429419040679932,
                    -0.16678351163864136,
                    0.2881734371185303,
                    3.137246608734131
                ],
                [
                    0.3329574763774872,
                    0.472334086894989,
                    -0.8161126375198364,
                    -7.244343280792236
                ],
                [
                    0.0,
                    0.8654962182044983,
                    0.5009154081344604,
                    5.5900187492370605
                ],
                [
                    0.0,
                    0.0,
                    0.0,
                    1.0
                ]
            ]
        },
        {
            "file_path": "/images/0034.png",
            "transform_matrix": [
                [
                    0.9376444220542908,
                    -0.17419426143169403,
                    0.3007979393005371,
                    3.260472059249878
                ],
                [
                    0.34759607911109924,
                    0.4698910117149353,
                    -0.8114058375358582,
                    -7.218010425567627
                ],
                [
                    -1.4901161193847656e-08,
                    0.8653662800788879,
                    0.5011398792266846,
                    5.602736473083496
                ],
                [
                    0.0,
                    0.0,
                    0.0,
                    1.0
                ]
            ]
        },
        {
            "file_path": "/images/0035.png",
            "transform_matrix": [
                [
                    0.9320903420448303,
                    -0.1816338300704956,
                    0.3133956491947174,
                    3.3822808265686035
                ],
                [
                    0.36222603917121887,
                    0.46738535165786743,
                    -0.8064386248588562,
                    -7.184672832489014
                ],
                [
                    0.0,
                    0.8651935458183289,
                    0.5014379024505615,
                    5.613422393798828
                ],
                [
                    0.0,
                    0.0,
                    0.0,
                    1.0
                ]
            ]
        },
        {
            "file_path": "/images/0036.png",
            "transform_matrix": [
                [
                    0.926327109336853,
                    -0.18897917866706848,
                    0.32589107751846313,
                    3.50408935546875
                ],
                [
                    0.37672021985054016,
                    0.4646857976913452,
                    -0.8013420104980469,
                    -7.151335716247559
                ],
                [
                    0.0,
                    0.8650745153427124,
                    0.5016433000564575,
                    5.624107837677002
                ],
                [
                    0.0,
                    0.0,
                    0.0,
                    1.0
                ]
            ]
        },
        {
            "file_path": "/images/0037.png",
            "transform_matrix": [
                [
                    0.9203612804412842,
                    -0.19622187316417694,
                    0.3382783830165863,
                    3.625898599624634
                ],
                [
                    0.3910694718360901,
                    0.4617978036403656,
                    -0.796120285987854,
                    -7.117999076843262
                ],
                [
                    0.0,
                    0.865008533000946,
                    0.5017570853233337,
                    5.634793758392334
                ],
                [
                    0.0,
                    0.0,
                    0.0,
                    1.0
                ]
            ]
        },
        {
            "file_path": "/images/0038.png",
            "transform_matrix": [
                [
                    0.9141737222671509,
                    -0.20341983437538147,
                    0.3505808711051941,
                    3.7465639114379883
                ],
                [
                    0.4053228497505188,
                    0.4587973952293396,
                    -0.790707528591156,
                    -7.080812454223633
                ],
                [
                    0.0,
                    0.8649423718452454,
                    0.5018711686134338,
                    5.644304275512695
                ],
                [
                    0.0,
                    0.0,
                    0.0,
                    1.0
                ]
            ]
        },
        {
            "file_path": "/images/0039.png",
            "transform_matrix": [
                [
                    0.9077389240264893,
                    -0.21062682569026947,
                    0.3628312349319458,
                    3.8652963638305664
                ],
                [
                    0.41953569650650024,
                    0.45572805404663086,
                    -0.7850489616394043,
                    -7.037120819091797
                ],
                [
                    0.0,
                    0.8648400902748108,
                    0.5020475387573242,
                    5.651829242706299
                ],
                [
                    0.0,
                    0.0,
                    0.0,
                    1.0
                ]
            ]
        },
        {
            "file_path": "/images/0040.png",
            "transform_matrix": [
                [
                    0.9011001586914062,
                    -0.2177300900220871,
                    0.3749828338623047,
                    3.9840283393859863
                ],
                [
                    0.43361103534698486,
                    0.45247146487236023,
                    -0.7792631387710571,
                    -6.993429660797119
                ],
                [
                    0.0,
                    0.8647908568382263,
                    0.50213223695755,
                    5.659354209899902
                ],
                [
                    0.0,
                    0.0,
                    0.0,
                    1.0
                ]
            ]
        },
        {
            "file_path": "/images/0041.png",
            "transform_matrix": [
                [
                    0.8942639231681824,
                    -0.22472159564495087,
                    0.38703006505966187,
                    4.102761268615723
                ],
                [
                    0.4475400149822235,
                    0.4490334093570709,
                    -0.7733543515205383,
                    -6.949737071990967
                ],
                [
                    0.0,
                    0.8647943735122681,
                    0.5021262168884277,
                    5.666879177093506
                ],
                [
                    0.0,
                    0.0,
                    0.0,
                    1.0
                ]
            ]
        },
        {
            "file_path": "/images/0042.png",
            "transform_matrix": [
                [
                    0.8872026801109314,
                    -0.23169182240962982,
                    0.3989866375923157,
                    4.219114780426025
                ],
                [
                    0.46137991547584534,
                    0.4455278515815735,
                    -0.7672245502471924,
                    -6.900152206420898
                ],
                [
                    -1.4901161193847656e-08,
                    0.8647680282592773,
                    0.502171516418457,
                    5.672505855560303
                ],
                [
                    0.0,
                    0.0,
                    0.0,
                    1.0
                ]
            ]
        },
        {
            "file_path": "/images/0043.png",
            "transform_matrix": [
                [
                    0.8799124956130981,
                    -0.23863071203231812,
                    0.4108642637729645,
                    4.33359956741333
                ],
                [
                    0.475135862827301,
                    0.44192442297935486,
                    -0.7608867883682251,
                    -6.845940589904785
                ],
                [
                    1.4901162970204496e-08,
                    0.8647300601005554,
                    0.5022367835044861,
                    5.676642417907715
                ],
                [
                    0.0,
                    0.0,
                    0.0,
                    1.0
                ]
            ]
        },
        {
            "file_path": "/images/0044.png",
            "transform_matrix": [
                [
                    0.8724215626716614,
                    -0.24545787274837494,
                    0.4226478636264801,
                    4.448084831237793
                ],
                [
                    0.4887543022632599,
                    0.43813982605934143,
                    -0.7544221878051758,
                    -6.791728973388672
                ],
                [
                    0.0,
                    0.864745020866394,
                    0.5022111535072327,
                    5.680778503417969
                ],
                [
                    0.0,
                    0.0,
                    0.0,
                    1.0
                ]
            ]
        },
        {
            "file_path": "/images/0045.png",
            "transform_matrix": [
                [
                    0.8647364377975464,
                    -0.2521652281284332,
                    0.43433141708374023,
                    4.562570571899414
                ],
                [
                    0.5022261738777161,
                    0.43417978286743164,
                    -0.7478347420692444,
                    -6.737517356872559
                ],
                [
                    0.0,
                    0.864812433719635,
                    0.5020950436592102,
                    5.684914588928223
                ],
                [
                    0.0,
                    0.0,
                    0.0,
                    1.0
                ]
            ]
        },
        {
            "file_path": "/images/0046.png",
            "transform_matrix": [
                [
                    0.8568278551101685,
                    -0.25888562202453613,
                    0.44589710235595703,
                    4.6725382804870605
                ],
                [
                    0.5156025886535645,
                    0.43021589517593384,
                    -0.7409914135932922,
                    -6.674689769744873
                ],
                [
                    0.0,
                    0.8648077845573425,
                    0.5021030902862549,
                    5.686110019683838
                ],
                [
                    0.0,
                    0.0,
                    0.0,
                    1.0
                ]
            ]
        },
        {
            "file_path": "/images/0047.png",
            "transform_matrix": [
                [
                    0.8487086892127991,
                    -0.2655222713947296,
                    0.4573747217655182,
                    4.781578063964844
                ],
                [
                    0.5288608074188232,
                    0.4261065423488617,
                    -0.7339887619018555,
                    -6.610090255737305
                ],
                [
                    0.0,
                    0.8648300170898438,
                    0.5020646452903748,
                    5.686702251434326
                ],
                [
                    0.0,
                    0.0,
                    0.0,
                    1.0
                ]
            ]
        },
        {
            "file_path": "/images/0048.png",
            "transform_matrix": [
                [
                    0.840390145778656,
                    -0.2720399498939514,
                    0.46876296401023865,
                    4.890617370605469
                ],
                [
                    0.5419819951057434,
                    0.42182156443595886,
                    -0.7268576622009277,
                    -6.545491695404053
                ],
                [
                    0.0,
